-508
851
-773
581
-500
954
-340
-343
-710
751
-32
-856
-135
550
680
-821
-60
-485
-961
-984
87
537
976
-612
773
92
981
-376
-98
350
836
411
-218
-20
-864
497
444
50
211
703
-23
-230
-302
-613
-542
-309
-107
214
-426
-636
784
94
97
-186
-945
-373
-181
611
-866
-224
-883
-338
229
-902
987
-735
-669
-111
-687
-935
922
882
822
808
382
-391
-763
840
-877
-721
-274
-977
28
-521
762
8
-669
-713
240
212
-5
-930
-254
39
153
72
-480
620
-504
-540
AS
asd
asasfd
1231243
asda